spawns: 
  default: 
    world: world2
    x: 72.3906591004814
    y: 73.0
    z: 788.491984703972
    yaw: -38.249996
    pitch: 89.24999
  town: 
    world: world2_town
    x: 0.5978297111779957
    y: 36.0
    z: 0.5576595135370412
    yaw: -86.849884
    pitch: 84.450066
